00000000000000000000000000000000000000000000
00000000000000000000000000000000000000000000
00000000000000000000000000000000000000000000
00111111111111111111111111111111111111111100
00111111111111111111111111111111111111111100
00110000000000000000000000000000000000001100
00110000000000000000000000000000000000001100
00110000000000000000000000000000000000001100
00110000000000000000000000000000000000001100
00110000000000000000000000000000000000001100
00110000000000000000000000000000000000001100
00110000000000000000000000000000000000001100
00110000000000000000000000000000000000001100
00110000000000000000000000000000000000001100
00110000000000000000000000000000000000001100
00110000000000000000000000000000000000001100
00110000000000000000000000000000000000001100
00111111111111111111111111111111111111111100
00111111111111111111111111111111111111111100
00000000000000000000000000000000000000000000
00000000000000000000000000000000000000000000
00000000000000000000000000000000000000000000